1 1 0.00000000e+00 0.00000000e+00
2 1 0.00000000e+00 0.00000000e+00
3 1 1.08736793e+01 5.83346329e-15
4 1 1.91301071e-01 3.07389504e-02
5 1 0.00000000e+00 0.00000000e+00
6 1 2.20544604e-02 8.53257356e-03
7 1 3.65596325e-03 2.16209972e-02
8 1 0.00000000e+00 0.00000000e+00
9 1 0.00000000e+00 0.00000000e+00
10 1 4.79880190e+01 3.33274085e-14
1 2 0.00000000e+00 0.00000000e+00
2 2 0.00000000e+00 0.00000000e+00
3 2 1.08736793e+01 4.33428499e-14
4 2 1.90531658e-01 3.18169308e-02
5 2 0.00000000e+00 0.00000000e+00
6 2 2.16978475e-02 9.87282317e-03
7 2 6.56631921e-03 4.32464209e-02
8 2 0.00000000e+00 0.00000000e+00
9 2 0.00000000e+00 0.00000000e+00
10 2 4.79880190e+01 6.30759963e-14
1 3 0.00000000e+00 0.00000000e+00
2 3 2.44919377e-03 1.21228906e-02
3 3 1.08736793e+01 5.86519587e-15
4 3 1.93539539e-01 2.88208089e-02
5 3 0.00000000e+00 0.00000000e+00
6 3 1.28691275e-02 8.88183016e-03
7 3 2.97892793e-02 1.15039950e-01
8 3 1.00000000e+02 1.07160347e-14
9 3 2.88235294e+02 4.70588235e+01
10 3 4.00000000e+02 2.10593093e-14
1 4 0.00000000e+00 0.00000000e+00
2 4 4.64668788e+00 3.17072685e+00
3 4 1.18928999e+01 6.67529728e-01
4 4 3.38245412e-01 6.60293610e-02
5 4 6.85680441e-01 6.98337828e-01
6 4 5.49635914e-01 2.60004763e-01
7 4 2.63671994e-01 2.64584725e-01
8 4 2.11494384e+00 7.35654862e+00
9 4 0.00000000e+00 0.00000000e+00
10 4 6.48083015e+01 9.13807836e+00
1 5 0.00000000e+00 0.00000000e+00
2 5 2.44919377e-03 1.21228906e-02
3 5 1.08736793e+01 3.38103060e-14
4 5 1.88115299e-01 2.36931127e-02
5 5 0.00000000e+00 0.00000000e+00
6 5 1.52268964e-02 7.73579401e-03
7 5 9.82015645e-03 4.64420164e-02
8 5 9.80392157e+01 1.38648388e+01
9 5 3.00000000e+02 9.00533944e-14
10 5 4.00000000e+02 6.36773659e-14
1 6 0.00000000e+00 0.00000000e+00
2 6 5.11115549e+00 3.94164880e+00
3 6 1.18343185e+01 5.68173514e-01
4 6 3.43462788e-01 5.50834105e-02
5 6 7.33900936e-01 6.66818034e-01
6 6 5.14142296e-01 2.44645892e-01
7 6 2.56712071e-01 2.52036197e-01
8 6 0.00000000e+00 0.00000000e+00
9 6 0.00000000e+00 0.00000000e+00
10 6 6.51894630e+01 8.96540730e+00
1 7 0.00000000e+00 0.00000000e+00
2 7 6.10161841e+00 4.16593830e+00
3 7 1.21688116e+01 9.67230716e-01
4 7 3.32710880e-01 6.10502979e-02
5 7 6.26399112e-01 6.25752630e-01
6 7 2.63061089e-01 2.02018440e-01
7 7 3.29547716e-01 2.82252920e-01
8 7 1.00000000e+02 9.11894841e-15
9 7 2.89448013e+02 8.77324217e+01
10 7 4.14104212e+02 2.18024192e+01
1 8 0.00000000e+00 0.00000000e+00
2 8 7.88138813e+00 6.71221177e+00
3 8 1.19613499e+01 6.47586558e-01
4 8 3.56572469e-01 6.82362395e-02
5 8 6.74476758e-01 6.64342579e-01
6 8 3.41415331e-01 2.25814902e-01
7 8 3.82267141e-01 3.03893033e-01
8 8 1.00000000e+02 2.12986273e-13
9 8 3.02798996e+02 7.41929702e+01
10 8 4.10480083e+02 2.03263599e+01
