1 1 0.00000000e+00 0.00000000e+00
2 1 0.00000000e+00 0.00000000e+00
3 1 2.01617275e+01 9.71041091e-15
4 1 4.14706976e-01 4.40001808e-02
5 1 0.00000000e+00 0.00000000e+00
6 1 6.00482116e-01 4.80656470e-02
7 1 1.93584701e-01 5.28538904e-02
8 1 0.00000000e+00 0.00000000e+00
9 1 0.00000000e+00 0.00000000e+00
10 1 4.87629638e+01 2.45572572e-02
1 2 0.00000000e+00 0.00000000e+00
2 2 0.00000000e+00 0.00000000e+00
3 2 2.01617275e+01 1.58179682e-14
4 2 4.16968730e-01 3.41371492e-02
5 2 0.00000000e+00 0.00000000e+00
6 2 6.11003064e-01 5.66142773e-02
7 2 1.92727914e-01 5.83518571e-02
8 2 0.00000000e+00 0.00000000e+00
9 2 0.00000000e+00 0.00000000e+00
10 2 4.87566834e+01 1.51035267e-02
1 3 0.00000000e+00 0.00000000e+00
2 3 0.00000000e+00 0.00000000e+00
3 3 2.01617275e+01 9.60792349e-15
4 3 4.26798139e-01 4.20500970e-02
5 3 0.00000000e+00 0.00000000e+00
6 3 9.45150875e-02 1.37548482e-02
7 3 5.11903391e-02 2.38425835e-02
8 3 1.00000000e+02 7.17475024e-15
9 3 3.95156483e+02 1.35422741e+01
10 3 4.85710221e+02 1.35361280e-02
1 4 0.00000000e+00 0.00000000e+00
2 4 1.94228108e+00 1.33781116e+00
3 4 2.14548347e+01 3.60476339e-01
4 4 5.57957276e-01 6.16310601e-02
5 4 3.53166570e+00 2.63955378e+00
6 4 2.61167906e+00 4.13391807e-01
7 4 9.95159733e-01 1.17346996e+00
8 4 5.34790490e+00 1.11459352e+01
9 4 0.00000000e+00 0.00000000e+00
10 4 6.23935009e+01 1.63248451e-02
1 5 0.00000000e+00 0.00000000e+00
2 5 0.00000000e+00 0.00000000e+00
3 5 2.01617275e+01 0.00000000e+00
4 5 4.19519239e-01 4.45639268e-02
5 5 0.00000000e+00 0.00000000e+00
6 5 9.24830472e-02 1.34460332e-02
7 5 5.23960852e-02 1.82817067e-02
8 5 1.00000000e+02 9.94759830e-14
9 5 3.94803327e+02 1.35025035e+01
10 5 4.85708871e+02 1.28175626e-02
1 6 0.00000000e+00 0.00000000e+00
2 6 2.10567636e+00 1.42105216e+00
3 6 2.14865393e+01 4.37821406e-01
4 6 5.58653861e-01 7.54714279e-02
5 6 3.57182036e+00 2.25688887e+00
6 6 2.59351808e+00 3.92755631e-01
7 6 8.69658853e-01 1.63735852e-01
8 6 7.15618008e+00 1.64837177e+01
9 6 0.00000000e+00 0.00000000e+00
10 6 6.23982968e+01 1.97133077e-02
1 7 0.00000000e+00 0.00000000e+00
2 7 2.27033901e+00 1.45560814e+00
3 7 2.15039614e+01 4.63083943e-01
4 7 5.66505606e-01 5.53944275e-02
5 7 2.51091940e+01 4.31983787e+01
6 7 4.50143561e-01 9.76497164e-02
7 7 1.35617465e+00 1.94955270e+00
8 7 1.00000000e+02 1.10793928e-14
9 7 4.02211667e+02 1.04113870e+00
10 7 4.13661751e+02 7.17525930e-03
1 8 0.00000000e+00 0.00000000e+00
2 8 2.13693435e+00 1.42665183e+00
3 8 2.14457153e+01 4.25501619e-01
4 8 5.74552905e-01 6.31101681e-02
5 8 3.19429441e+01 5.15641324e+01
6 8 4.56598094e-01 9.48432559e-02
7 8 1.22063871e+00 1.61458550e+00
8 8 1.00000000e+02 1.10346274e-13
9 8 4.02187722e+02 9.57591672e-01
10 8 4.13660190e+02 6.79387246e-03
